6503
2414
2521
4
6462
957
7
6725
1497
10
1596
3489
7026
7625
2088
237
17
3408
6089
20
21
6253
3234
5660
5710
9564
9189
5478
8653
30
31
2360
9978
5387
9493
36
6075
38
8881
40
41
793
43
44
45
46
2449
48
2596
50
51
2197
53
54
55
56
5111
58
8889
8032
9444
5880
63
8491
2654
66
6781
7716
5692
8419
7260
2205
73
74
5761
76
2206
9954
2548
80
1624
82
4920
84
1087
7867
87
3171
4174
9635
4109
2084
2272
6822
95
96
97
98
99
6969
101
102
7299
104
9401
2633
3956
3324
5045
110
111
112
113
5549
115
116
8944
7593
5915
120
3653
9763
123
124
125
126
5994
1379
2018
130
131
132
133
1602
135
136
513
138
139
140
141
5760
143
2046
145
146
1994
148
2232
150
5734
152
153
296
7846
6213
157
158
1878
3231
9142
5000
1837
164
5713
166
2453
168
4237
170
171
172
173
5818
519
176
5580
178
9134
9152
1574
182
8562
184
1713
1330
4347
606
1485
190
2290
8915
4468
6811
195
5635
2737
6188
4718
200
201
5461
203
1035
205
206
207
208
209
4947
1683
212
213
3481
215
216
217
218
219
3424
679
222
223
224
225
2162
227
7196
229
2117
8241
2821
6249
4515
3063
236
9868
1115
6134
240
5438
242
243
244
245
8418
7603
9959
6966
5841
251
252
952
254
255
8150
985
258
259
2745
7335
262
263
264
936
4155
6627
268
269
270
3916
272
273
274
3327
5451
277
5141
7959
280
752
8120
5051
8572
2952
286
287
499
289
290
8381
5938
293
294
2754
7396
9281
4305
4339
6466
9821
2136
303
304
6931
7107
307
5684
309
2249
1703
3903
7571
7713
315
2798
317
318
319
9839
7340
322
3093
324
325
326
9662
6711
3010
330
9779
9751
8285
334
2563
2260
8627
338
339
3402
8330
3979
343
5590
1469
346
770
4361
349
350
6034
352
4714
354
6812
7006
357
8550
359
7463
8348
362
6957
1976
8777
6625
367
368
5954
827
9278
372
373
3702
7134
376
377
5465
6535
8398
6499
3428
1229
7721
9126
7559
387
1864
7770
3998
391
3937
393
785
395
9996
7507
398
1568
8994
401
8498
4289
7262
405
5464
4429
408
409
410
411
412
413
3926
415
416
417
9775
419
420
434
4984
3046
1875
425
426
7243
428
363
430
5223
9644
433
1680
435
436
6053
438
6782
2251
441
442
443
444
445
9392
447
1263
449
6876
451
2848
453
878
5100
456
457
1783
8831
1302
9886
8090
7249
8006
465
466
6297
468
469
470
471
472
538
474
5053
872
477
478
4213
480
481
742
616
7752
5788
486
487
2867
489
490
8658
4233
493
494
1426
4585
497
6291
4006
7216
1751
502
8983
7132
3842
506
2693
1948
509
510
4493
2418
8235
514
7386
516
517
518
4273
520
5624
2884
523
6697
2915
1004
527
1097
3475
530
531
9988
533
534
535
536
6824
1675
3497
3118
9643
2351
543
8323
545
8333
547
548
549
550
2048
552
7685
8447
9874
2930
557
8766
5826
560
2062
119
4626
5896
9673
566
567
568
569
2828
571
9968
573
574
575
4163
577
578
7858
9371
2228
767
9831
584
8060
9902
587
7987
8435
8869
3773
592
593
9011
595
596
597
598
599
600
601
6338
603
604
5266
2978
607
608
609
3678
611
6621
1181
2077
615
8523
2702
1641
619
620
4732
622
5771
7702
625
626
627
628
6394
630
631
632
633
6553
635
3664
637
638
7394
640
8875
8209
7515
644
6823
646
647
648
649
5055
8253
5152
7172
654
5272
3673
657
658
495
7037
4254
6349
7878
5382
665
6624
5616
668
1754
670
671
7822
673
674
9456
8977
677
1896
7962
4042
1327
4855
683
3129
4223
686
4974
9753
689
690
691
9782
693
4434
4402
696
697
698
5518
6733
701
6485
703
7046
9923
3725
707
708
2485
5577
2252
7018
8307
7904
715
716
276
718
9859
720
5949
722
723
9311
7142
726
727
5905
729
5125
731
6416
733
734
9298
736
9633
9389
6298
9764
741
422
743
2859
8262
1604
747
8689
3159
5325
3846
281
1000
3612
1206
5752
757
8360
3496
1323
761
4620
5301
764
4581
5435
2227
5586
769
5286
771
7295
5255
4244
3863
776
777
8703
779
8564
6863
5220
783
784
5287
6718
9072
788
789
790
791
1917
42
886
9600
8425
797
1619
8524
800
801
7457
8779
1237
4474
979
3218
808
5153
725
16
812
813
1269
4481
8077
817
818
2763
820
821
9888
823
1669
825
8240
185
2912
829
830
831
2401
1780
834
8335
3366
8758
838
1844
6324
3001
5554
6766
844
6163
210
9146
193
8818
1345
851
6585
1212
7002
2322
856
6437
842
9983
860
8780
311
1919
864
5273
9961
3249
868
9077
870
6884
8622
873
874
8743
4419
4542
3376
879
880
8629
1364
3547
884
885
794
887
3479
1921
189
5637
1681
893
3466
3660
896
8219
3312
8558
9774
2777
4427
5847
904
8514
1902
907
4172
7278
910
9048
5855
9184
3150
915
2015
917
918
919
3551
921
922
923
8021
705
926
927
3337
929
5121
3510
2950
933
6759
3566
429
937
938
939
7892
941
5405
943
944
945
4882
7988
5842
949
950
951
8320
953
954
955
956
7825
7883
370
8489
961
7923
4406
7761
3667
8904
967
8712
5264
9829
6525
972
973
974
975
2889
8614
2940
806
1111
5276
6928
7513
6128
257
986
7242
988
5503
5049
6240
992
4703
994
7177
996
5011
998
999
8616
1001
1002
3811
2877
4988
3961
2578
1008
3108
4946
1011
1012
1013
1014
1015
1016
1017
1018
7776
1020
1719
6729
1023
1024
1025
4002
6258
2235
1029
1030
1031
5453
1033
4216
4549
7841
1037
912
5957
6478
6492
1042
1043
1044
2653
1046
1047
1048
1049
4944
5367
1052
6546
2316
3400
2501
2613
6016
8159
5926
853
3079
9842
1064
1065
5146
1067
1670
7907
4763
8637
4262
6626
1074
1075
8458
1077
6091
9419
1080
1081
7089
7165
4754
1085
1086
4592
1088
1089
3268
4287
4240
1093
8518
1095
1096
9034
1098
1099
1100
7446
3415
2811
1104
3161
496
9694
1108
1109
1110
5733
1112
7497
6229
9813
6943
9181
6603
883
1120
1121
1122
1123
1124
78
1126
5878
1128
4916
1130
1131
1132
6041
5626
1135
8467
3607
3241
1139
260
1141
1142
7680
1144
1145
2399
8130
5797
1149
1150
1151
4716
169
1154
4396
9798
1157
1158
901
1160
1161
2778
2588
6631
1165
1166
1167
9597
6803
4728
5634
7039
1173
6255
1175
1176
1177
3233
5113
1180
847
5494
1183
6288
3802
1186
3690
2380
5318
9175
1191
1192
1193
2542
1195
2868
8208
1198
9926
6396
9191
2993
9501
7305
1205
755
1207
6341
8557
1210
3535
1061
5060
1214
3427
1216
5250
6419
4000
7362
1221
4633
1223
1224
1225
4004
1652
4359
383
5863
8034
1232
1233
1234
2664
1063
9499
1238
1239
1240
8782
211
1243
2292
7485
2007
1247
3980
7078
7266
8255
1629
2425
108
4375
5278
3213
1258
6748
1260
1261
7280
6645
7263
6776
1370
1267
8816
814
9974
1271
1272
1534
9249
746
1276
1277
1278
9073
1280
822
9878
1283
1284
1285
1286
1287
6709
9748
1290
1291
7775
7410
3485
2359
1296
8873
1298
4115
7585
1301
4495
1303
1304
4520
1306
5650
1308
4421
1310
2981
6687
1313
1314
9924
4674
2172
1318
1319
1320
1321
1322
760
1324
2668
1486
4991
1730
4906
186
6209
1332
1333
1334
4180
9457
2104
995
4013
1340
1341
1342
1343
1344
1988
6526
9686
9282
1349
2951
1351
6044
5490
1354
1355
1356
4405
6810
1359
1560
1361
1362
1827
2517
4133
3839
1367
9580
1369
5572
1371
1372
3043
1374
1375
1376
1377
6400
7264
1380
1381
4888
1383
4578
2854
6102
1387
1388
1389
1390
1391
1392
6332
934
2000
8880
1397
4698
1399
1400
1401
1402
1403
5165
5247
2961
1407
1408
2315
1410
1411
4453
3331
1414
8144
1416
4862
2738
1419
8630
1421
1422
3810
9906
1425
2762
1427
9914
2434
1430
8102
4831
6657
1434
1435
1436
3435
1565
361
6992
1441
1442
2808
1444
1445
7426
6981
8717
4555
4299
1451
2386
1453
1454
3913
1456
6361
1458
7790
1460
1938
866
928
1464
8064
1466
9263
1468
345
8359
1471
1036
1473
1474
347
1476
1672
1478
4983
2570
2127
7269
1483
3436
2965
7041
1487
5739
1489
1490
162
1492
7675
4951
1495
2520
90
1906
1499
1500
1501
6172
1689
1504
1039
1506
1507
8297
1509
1510
1511
1944
1513
1514
9394
4838
1517
8937
7289
1520
1521
1522
1523
2793
1525
1526
1527
4497
1529
1530
1531
7541
1533
7927
1535
6069
1537
2472
1539
2058
1541
1542
1543
6688
1545
9827
1547
1548
1549
9800
1551
1577
1553
1554
1555
6944
7233
1558
1559
8794
4588
1562
1563
4175
1438
2515
1567
5741
1569
1570
1022
9397
4761
181
381
7442
5875
1578
1579
1580
4787
9326
5611
9286
1524
1586
1587
1588
1589
3602
1591
327
2358
1594
1595
4132
1597
1598
1599
1600
1601
134
1603
2354
1605
8197
1607
1608
5181
1610
1611
1612
3298
1614
1615
1616
2047
1412
8935
1620
1621
6374
9941
4352
3650
1626
8388
7369
7996
1630
1631
6389
2622
8402
1635
3
1637
106
3687
1640
6667
9235
2919
1644
5606
1368
1647
9791
5852
1650
5629
5890
1653
1654
9803
5646
3146
1658
1659
5482
8611
2331
1663
8774
2190
1666
1667
5360
824
1068
4681
8217
3308
1674
473
8596
4403
1678
1679
8720
892
984
3242
1684
7482
2096
1687
1516
9206
816
1691
1138
8432
1694
993
1584
1697
4553
9148
1700
8764
1702
862
1704
1705
4098
8401
1708
8590
1710
1711
9655
6877
1714
2177
1716
1717
1718
9204
5013
1168
8657
1723
1724
1725
1726
1727
1728
9486
7644
1731
7044
1733
1734
1735
1736
1737
1738
3796
1740
1741
9528
4725
1228
8984
1746
1747
3003
1749
1750
3125
1752
6263
3199
7346
5892
1757
1758
6070
3164
1761
1762
8134
418
5261
1766
1767
1768
2966
1770
5471
3032
1773
1980
265
5989
6882
1778
160
4512
6731
9657
7133
9514
1785
5207
4011
1788
1789
1518
8694
1792
1793
1794
1795
4596
9494
9302
1799
1056
1801
7467
482
5088
6973
9582
5076
1808
1809
1810
1811
1812
1813
1102
9257
1816
1817
1818
5838
1820
1821
4302
1823
1824
9469
1826
1363
439
1829
4442
2403
1832
1833
3246
1835
1836
1329
1235
6549
221
1841
1676
9593
7850
4357
8833
1847
1848
1849
7297
1632
7710
7110
1854
1855
3341
1857
9732
1859
1860
5058
1862
9029
653
1865
8825
1867
1868
1869
989
1871
2481
3267
1874
424
1876
3145
3417
6131
3183
1661
366
9790
1884
1885
7779
6329
3698
5468
1890
1891
1892
2547
1894
1895
9217
1897
7366
1899
1900
5427
906
1903
4777
1905
9734
1907
4501
4252
1910
9100
1912
1913
7949
5506
5132
3160
5898
863
1920
889
1922
1923
1924
1925
7871
7633
8413
7422
3078
3554
1932
1933
1934
1935
1936
8214
1937
1939
9788
1941
1942
5948
5526
1945
1946
1947
5177
4908
6207
6682
59
9794
1954
8890
8449
7872
1958
7742
7804
1744
1217
2368
1964
539
9154
4286
1968
2810
1970
8626
1972
1973
1974
1975
7982
1977
2549
1979
3880
1981
9723
1983
6663
3197
8093
1987
7600
6119
1990
4941
3622
1993
9153
1995
8041
8369
202
3313
4107
2001
9533
2003
2004
2005
2006
6606
3783
2009
1772
6901
6498
9950
5512
7465
2016
2017
129
2019
2020
2021
2022
2023
2024
2025
3908
2027
9423
8438
2030
2031
9321
2299
2034
2677
2037
2036
7940
5056
2040
2041
2231
8567
5131
3516
7124
1617
3384
2049
7547
2051
2052
2053
2054
2055
6977
4007
2137
2059
2060
2061
561
2063
9083
2065
8345
2067
835
2069
2070
8989
3445
2073
2374
8599
2076
614
2078
9718
2080
2081
5677
4768
92
2085
2086
2087
6831
2089
9230
5398
4851
5621
8603
2095
7140
2097
2098
976
3724
2101
2102
2103
5907
2105
4428
2107
2108
4740
2110
2111
2112
2113
2550
2115
2407
8149
5364
2119
6122
2121
3420
2123
7827
3335
2869
2551
2128
2129
8925
2116
2132
9766
2134
2135
302
9708
2138
2139
2140
2141
2142
2143
2144
8505
5697
2147
2148
2149
2150
2151
2152
2153
2154
2155
2451
2157
2158
1409
2160
2161
226
2163
2991
4818
8814
2167
2168
2169
2170
2171
7097
397
8683
2175
2176
1715
4142
2179
2180
7637
7374
960
869
2185
2186
4114
2935
2189
1665
2191
4264
5531
3520
2195
3147
9570
5724
2199
2200
2201
2202
5176
2204
72
9002
8252
2208
9361
1053
2211
3039
2213
2214
5854
127
5927
1211
2219
9171
2221
2222
8697
5711
2225
4661
2560
581
9464
9574
2042
4177
2233
5320
1028
2236
2237
1660
7749
2240
1266
2242
2243
888
3225
2246
2247
2494
310
2250
6655
1213
2476
2254
2255
2256
2257
2258
4712
3086
2261
2262
2263
9042
2265
2834
2267
2268
2269
2270
2271
64
2273
2274
6057
2276
2277
5345
3431
4078
2281
5489
2283
2284
2285
1335
2287
2288
8138
7857
2291
1069
8391
2294
2295
2296
6762
2298
2033
2300
2301
2302
1091
8407
2305
2306
2307
7285
1090
2310
2311
6808
930
9274
2159
1054
6495
5731
8481
2320
2321
8809
9596
6836
6873
2326
4782
501
2329
2412
1662
2332
4320
2334
9525
8585
4571
2338
2339
2340
1463
2342
2343
2344
2345
2346
2347
2348
2349
2350
542
2352
2353
9838
2355
5974
6395
1593
1295
7992
2361
2362
267
2364
7186
2366
2367
991
2369
9658
2371
2372
2373
5521
2375
2376
1879
2378
4385
3843
4807
2382
356
2384
2385
5429
7464
2388
2389
3525
2391
2392
2312
2394
3069
1119
2397
2398
9741
6918
4913
2773
1484
7960
8924
1208
2976
4969
2409
2410
2411
8727
2224
7345
2091
3219
5665
9809
2419
2420
2421
2422
4365
2424
1226
2426
2427
5951
2429
2430
2431
4617
2433
1429
2435
2436
2437
2624
4280
2440
5861
7762
2443
2444
4600
3652
3709
5658
4298
2450
2156
2452
167
2454
4225
8448
2218
8071
2459
6004
2461
2462
2463
8043
3369
2466
2467
2922
5213
2470
2471
1538
7360
2474
6636
5410
2477
5798
2479
8632
1872
5108
2483
2484
709
8791
7333
2488
2489
2490
5560
1642
2493
6587
2495
2496
2497
2498
4880
9875
5163
4863
6726
2504
2505
9939
2507
340
9053
2510
4358
7647
107
2514
2953
5089
1045
9940
2519
7145
1636
2522
2523
9082
2525
2526
2527
2528
9338
2530
2531
2532
4445
2534
1532
3549
2537
3855
9566
1273
4483
4953
6403
2544
2545
3115
1893
8286
9413
6430
1481
4786
2553
4466
2555
2556
2557
3748
2559
3531
2561
2562
3805
9085
2565
2566
4189
7917
857
7808
6345
2572
2573
2574
9739
6162
2577
6964
2579
2580
3085
2582
2583
9439
2585
2586
2587
384
7879
2663
6195
7220
2593
2594
2595
49
2928
1227
2599
8478
28
6284
4540
2604
2605
2606
2607
342
7466
2610
9913
2612
1057
2614
8755
6913
8089
9379
8117
9357
2621
4476
4355
7473
2625
2626
4303
2628
8072
4467
5254
2632
5929
9340
5666
5226
8031
3981
2639
4933
2641
9547
2643
2644
2645
2646
2647
9147
3229
2650
3996
9294
882
4018
2655
2656
2657
3624
4943
4499
2661
2662
4564
4704
2665
2666
2667
1325
4973
2670
7108
2672
1432
2674
2675
6273
2035
4981
2679
2318
5956
2682
7294
2684
2685
2686
2687
2688
2689
3870
9052
2692
9949
2694
3382
2696
2697
2698
2699
2700
8135
8877
2703
2813
2554
2706
2707
4569
6580
1461
2711
2712
5258
1386
7201
2716
4898
8143
2719
2720
6780
2722
1805
88
2725
2726
5380
6911
7662
2886
2731
2732
565
6818
2735
4449
197
2857
2739
2740
7578
2742
2743
7074
1140
2746
8203
3779
3316
2750
2751
2752
8367
7415
2755
2756
2757
2758
6616
2760
2761
4196
9013
9437
2765
2766
2767
1346
2618
2770
2771
5321
634
2774
2775
2776
8112
959
2779
2780
2781
2782
2783
2784
6233
7572
2787
636
1779
2790
2791
7843
1585
7178
6826
9322
2797
4744
6434
3175
9252
2541
2803
5257
2805
2806
2807
8346
2809
1969
8038
2812
2704
2814
2815
2816
2817
2818
2819
3388
6452
2822
2823
2824
3361
2826
2827
7754
2829
5495
2831
2832
6567
6775
675
5681
2942
8025
2839
2840
6180
2842
3005
2844
2845
4217
2569
9615
2849
1163
5620
2852
2853
1385
2855
848
9349
2858
641
2860
2861
2862
8679
2864
385
5004
8553
1196
902
2870
2871
2872
2873
5392
2875
5675
8539
2878
3180
7618
2881
7005
2883
522
2885
2730
380
699
9971
2890
2891
3780
6821
2894
2895
2896
6079
2898
8091
2900
7586
2902
2903
935
4837
2906
2907
2908
1496
7440
6187
6845
2913
2914
2173
3559
2917
2918
1034
2920
2921
4152
7933
6323
2925
2926
2927
2597
5144
9299
2931
5894
2933
9262
3019
5918
6996
2938
2939
978
2941
2837
4895
2944
2945
6406
2947
2948
2949
932
3387
8169
1566
4834
2955
6778
4532
2958
9428
2960
1406
5795
2963
5170
1861
155
2967
9762
2969
8161
7530
2972
8931
2974
5546
2131
2977
188
2979
2980
1038
2982
2983
1357
2985
8893
6494
2988
2989
7387
1352
2992
4409
2994
9869
2996
2997
717
2999
6231
562
3002
5180
1712
9481
3006
3346
7258
5935
3558
3011
3012
3013
7643
3015
3016
9565
2207
5232
71
3021
6632
7379
3024
3025
3026
3027
3028
3029
3030
2241
2010
8160
3089
3035
3036
572
3038
9648
3040
3041
3042
1373
3044
7504
3477
3047
3048
3049
7370
3051
6210
3053
3054
3055
4821
3057
6623
3059
8146
9730
1107
9946
5544
7414
3066
3067
4424
5169
3070
3071
3072
3073
3074
3075
1005
3077
1930
1185
3080
3301
3082
5019
9626
2581
336
7913
4330
3034
3090
3091
3092
6501
3094
3095
3096
2230
3098
6841
3100
3437
6127
3103
3104
100
9231
4480
9405
3109
3110
3111
3112
3113
3114
163
3116
9103
4963
666
3120
7181
1755
3123
3124
1418
7629
4238
3128
6561
3130
3131
235
3133
3134
3135
4516
1331
3138
8849
3140
3141
3142
6829
450
1877
4489
4621
3148
3149
914
5889
5815
8601
3154
3155
3156
3157
3158
2275
9529
5256
7271
3163
6232
3165
2118
3167
3168
758
9309
2724
3172
3173
3174
5032
364
3177
3178
3179
2879
3181
3182
2856
1863
3185
3186
3187
9930
3189
3407
3191
3192
91
3194
8118
6145
6800
3198
144
3200
3201
7432
3203
3204
2387
3206
4064
3208
8389
3210
9527
3333
8911
3214
3215
5414
3217
4902
4272
695
3221
9991
1182
3224
2245
7158
3227
3228
1117
3230
3765
3232
9255
7338
4648
9591
6854
3238
3239
9629
7528
1242
3243
4511
6890
4874
3247
3248
5598
3250
3893
3560
3253
3254
5702
3256
3257
3258
3259
3260
1382
7337
3359
3264
3265
7334
9233
5916
6167
3270
3271
3272
3273
2196
4167
3276
8244
8979
6008
3280
8299
4802
5269
3284
3285
4503
3287
3288
3289
2293
1882
9030
1073
1952
5736
9421
4666
3895
8844
4759
8276
2998
1784
3304
3305
2623
7934
1673
8788
8882
6635
8640
9485
6646
9601
9304
4957
238
3261
4534
3321
484
3323
1254
9441
3873
8864
3328
3329
3330
5067
3332
6224
3334
4477
5002
2341
3338
3339
2630
1856
5311
3775
3344
3345
3007
3347
3348
3349
3350
3351
3310
1253
3354
3355
3356
3448
3358
6739
3360
3879
3362
4835
3364
3365
9872
3367
3368
2465
3370
3371
3372
3373
3374
9538
2370
3377
7760
3379
3380
3381
4590
661
7717
3385
3386
7406
4887
3389
2194
3391
3936
3393
8745
3395
4643
2416
3623
6241
3176
3401
3127
8357
3404
3405
9840
3190
3244
3281
3410
7766
463
3413
3414
8256
3416
5757
3418
3419
2122
6641
3422
3423
283
738
3426
5174
2178
3429
4010
2279
3432
3433
3412
1437
3514
3101
3438
3439
3440
3441
3442
3443
187
9055
3446
3447
792
3449
3450
7200
7639
3453
9519
3455
3456
3457
8502
3459
9431
3461
2327
739
1146
6995
6030
3467
3468
3469
3470
6176
8655
1248
3474
529
3476
6560
5848
2244
5937
1493
6350
8431
2592
7161
3486
3487
3488
12
2480
3491
1571
3493
7734
9540
4825
9995
3933
3499
5332
3501
6892
3503
3814
3505
9410
8396
9060
3509
6074
3511
3512
3513
8851
3515
5171
3517
3518
3519
5548
4995
3522
3523
61
5397
3526
3527
3528
3529
3530
8486
7969
5787
3534
9074
7405
3537
3538
3539
3540
2640
5012
3543
3544
4248
3546
2396
3548
4948
3550
9367
3552
3553
6469
8648
3556
3557
329
2916
3306
3561
3562
3563
3564
9835
2904
4008
4200
79
3570
8891
3572
3573
7203
3575
3576
3577
5836
3579
3580
3581
8821
3583
5106
3585
9595
765
3588
3589
3590
3591
7282
3593
316
3595
3596
3597
461
3599
3600
3601
8306
232
9517
3605
3606
6005
3608
7796
3610
3611
5628
3613
1627
3615
6613
1807
3618
3619
8409
3741
8190
6700
5116
3625
3626
3627
5527
9167
2068
3631
2445
3633
3634
840
7737
3637
3638
6340
5599
5338
3642
109
3644
2936
8
3647
3648
3649
4265
3651
4260
1916
3654
3655
1245
3657
3658
8827
895
3661
3662
3663
6740
3665
3666
8039
3668
3669
8110
3671
7195
9999
3674
3675
3676
6714
4601
5930
2457
3681
7607
180
3684
3685
3686
5934
320
3689
1187
3691
7062
3695
8909
3693
3696
3697
5463
4781
5043
3701
7498
9245
9891
1450
3706
6565
1178
2447
3710
3711
3712
7963
3714
3715
3716
3717
6716
3719
9009
3721
3722
3723
2100
8510
980
3727
6379
7736
931
9491
9223
3951
6520
748
3736
3737
3738
3739
3740
3621
6951
423
3744
3745
3746
3747
2323
3749
3750
3751
7257
3753
3754
3755
3756
3757
3758
662
3760
3761
5529
3763
3764
2789
3766
4319
3768
5439
3770
3771
3772
591
6637
9895
3776
3777
3778
2748
1989
3781
2183
6078
3784
3785
3786
3152
3788
9202
4420
3791
3792
3793
5024
5184
1739
3797
3798
3799
3800
6219
8784
6967
3804
335
3806
3807
4770
4209
1423
5395
3812
7031
3504
8847
3816
6481
8294
8004
3820
3821
3822
9372
3193
836
8840
3827
9625
8048
3830
3831
4364
3833
3834
3835
8674
3837
7795
1366
3840
1062
9677
9771
7129
9583
751
3847
3848
7777
3850
3851
4291
9584
3854
8647
903
3857
3858
3859
3860
3861
7672
775
8399
3865
37
3867
7520
3869
2690
2492
3872
3326
4856
3875
3876
6336
6559
7212
1774
3881
5862
8227
6448
3885
7103
9925
3888
8662
1888
3891
3892
554
3894
5009
3896
3897
3898
3899
3900
3901
3902
7967
3904
9588
841
8568
4271
7179
3910
5908
65
1455
528
3915
271
3917
2381
3919
3920
3921
9610
3923
3924
1491
414
6427
3928
6749
3930
3931
8538
3498
2328
3935
3392
392
3938
9699
3940
8277
3942
3943
3932
710
6390
3947
3948
3949
3950
5328
3952
9093
3954
3955
1288
916
5514
3959
8830
8257
9342
1552
811
3965
3966
3971
5477
7894
5574
6959
3972
3973
3974
9277
3976
4401
8974
2608
7974
2638
7388
2911
3984
1190
9511
6820
3988
2174
3990
1032
3992
8382
3994
3995
6376
7688
5426
3999
4670
1804
7630
6732
7206
9624
288
9415
1573
4009
6463
890
4012
1339
1965
4015
4016
5765
5317
7224
2325
7676
3682
4023
4024
3286
4026
9261
4028
4029
6017
4031
4032
4033
4034
802
6597
4037
498
4039
4040
4041
3731
4043
4824
4045
4046
4658
4048
4049
4050
4917
4052
6825
4054
4125
4056
4057
5883
4059
4060
9539
4062
4063
8543
4065
2508
4067
4068
6183
9337
4071
2333
4073
8059
4075
4889
4077
2083
6278
4080
4081
4082
8573
4084
4085
5283
4058
4088
4089
4090
4091
4092
4093
4094
4095
1802
4097
2032
3315
4100
4101
2968
4103
4104
4105
4106
1395
4108
1732
4110
4111
8191
4113
2187
7604
4116
5407
4118
3907
4120
4121
4122
4123
4124
805
9283
4127
8027
4129
4130
4131
11
819
4134
4135
4136
4137
7928
8472
2011
4141
7397
4143
4144
4145
4146
4147
7429
8544
4543
4151
4014
5339
4154
266
6155
4157
1831
4159
8739
5340
5211
4608
4164
4165
4166
3275
4168
4169
32
4171
908
4173
89
9487
4342
149
404
4179
2934
4181
4182
4183
4184
4185
4186
4187
4535
7634
4190
4191
4192
4193
3982
5670
659
9935
4198
8228
3568
4201
4202
4203
5197
4205
613
4207
4208
8841
8930
448
4212
9014
3808
4215
4560
2910
4218
4219
7239
4221
899
7009
9740
2455
4226
4227
4228
5743
4230
6742
4232
492
6532
4235
9130
8635
1424
4239
1092
4241
4830
3882
774
4245
4246
4247
3545
9552
4003
4251
3871
8843
1764
4255
2975
9209
4414
4259
2446
4261
8393
8145
756
1625
4266
4267
1282
4269
4270
2026
3397
4053
4274
4275
713
8916
6220
8547
2439
4281
4282
5817
8812
4285
1967
1655
4288
403
4290
6151
6280
9562
5610
57
4296
4297
5793
4337
4300
4301
8170
6290
4304
7623
4306
4307
2627
4309
4112
4735
4312
4313
6312
3852
4316
4317
3818
3767
4072
9426
9240
4323
4324
4325
4326
4126
4328
4329
8565
9101
9877
4333
7669
3958
1590
1475
4338
299
6685
4341
7468
8152
4344
7926
8552
62
8980
6027
4350
4351
81
4353
4354
3252
4356
4909
5115
156
4360
348
4362
4363
7816
9832
4366
4367
4368
4369
4370
2090
4372
4373
4374
1255
4376
4377
6958
4379
5449
6436
4382
9544
5622
7781
4386
4387
2309
4389
4390
4391
9955
4393
4394
4799
4500
331
846
4399
4400
2648
3220
9475
4404
2984
2652
4407
4408
7682
4410
4411
4412
3609
4258
7828
4416
4417
4418
8964
4899
1309
4422
1760
5292
4425
4426
3815
9187
407
4430
4431
4432
7626
9992
4435
4436
4437
5164
7441
6066
9024
1843
1682
4444
2533
2616
6783
6851
970
4450
7125
4452
2448
4454
4455
7792
1336
2590
4459
4460
2637
4462
7671
4464
8731
4548
3340
1557
4469
5772
4471
4472
4473
4055
2957
1633
8892
4478
4479
3107
7358
4482
6372
4484
4612
4486
4487
4488
6974
4490
4764
4492
511
4494
7105
6143
7412
1194
2660
3144
7896
4502
4025
4504
4505
5828
2658
5253
1404
6860
6795
833
7891
4514
234
4321
4517
4518
4519
1305
6410
4310
4523
4524
4525
7454
9883
4528
4529
5864
4531
4234
1721
8434
4188
4668
4537
9786
4723
2603
4210
877
5202
4544
7595
8773
4547
8272
9214
4605
4551
4552
2400
4554
1449
4556
4557
5487
4559
6999
4561
4562
4345
4458
4565
4566
4022
4568
2708
9044
2337
4572
4573
2133
4575
6674
1113
1384
4579
9292
3743
3398
4935
4584
1106
4586
4587
6431
4589
2695
4591
6980
7265
4594
5613
6039
4597
4598
4599
3632
610
4602
4603
2847
4550
4606
4607
8012
6528
4610
4611
3688
4613
4614
4615
4616
9720
6814
4619
4794
1209
9846
4623
4624
5267
5520
4627
4628
4349
4630
4631
1748
1222
4634
7493
4636
4637
4638
4639
2676
7013
4642
5302
4644
4645
4812
4647
6767
4649
4650
968
5297
8186
4654
2835
8230
9889
4047
4659
4660
9792
9382
4663
4664
4665
1360
3817
4536
4669
4158
4671
4672
4673
1316
4675
4676
6098
4678
5288
4680
1671
4801
4683
4684
4685
8403
7462
4688
4689
2804
2082
4692
4693
4694
4695
4918
4697
7945
4699
4700
4730
4702
1695
1838
4705
8477
4707
4708
4709
4710
4491
7518
6421
7512
4743
1152
4717
983
1846
3720
1279
4722
8464
3672
1743
4726
6247
2768
4729
4701
4731
1129
4733
4734
5607
5038
4737
5421
6835
2109
4741
4742
5201
7943
4745
4746
4747
4748
4679
4750
4751
4752
7613
5513
7155
4756
4757
4758
6806
4760
7250
4762
5701
8732
4765
4766
4767
5304
4769
4214
1148
4772
4773
6926
2615
4776
1904
9253
4779
4780
6788
8852
4783
7146
7740
2145
1581
5008
7979
4790
9057
4792
4793
7322
4795
7591
4797
4798
8522
4800
5039
5773
5031
4804
5054
9370
3862
4808
4809
4810
1638
4646
3889
4814
4815
4816
47
6029
7435
6859
3056
4822
9884
4044
759
4826
5630
4828
4829
2964
2423
7531
6713
5293
8426
4836
7719
8533
4839
2259
1815
4962
5779
4844
4845
4846
9211
3635
4849
4850
2092
4852
8503
4854
5198
3874
6504
4858
4859
4860
4861
1417
7048
4864
4865
4866
4867
4868
4869
4870
5619
3236
4873
1834
9197
4876
7421
4878
4879
6813
4881
8316
3235
4884
4885
8790
6744
7123
9065
4890
4891
672
871
8137
2943
4896
8131
7012
3790
3266
4901
5310
7990
3707
4905
2649
4907
8485
1845
4910
8421
4912
9900
4914
4915
621
3222
9123
4919
83
4921
4922
4923
8549
8644
7859
4927
4928
4929
4930
4931
8132
2753
7043
909
4936
4937
5467
4939
4940
7659
4942
4457
6137
4945
6905
7014
5200
9324
4950
1494
4952
900
4954
4955
4956
8671
4958
4959
7977
4961
4842
1420
300
3713
5732
4967
4968
2408
7117
4971
4972
2669
687
4975
2535
4977
5685
4979
4980
8424
3844
1479
1564
4985
4986
4987
5378
7351
4990
1041
8466
7159
4079
6244
9861
9094
4998
5605
1294
5001
3336
5003
2866
6409
5006
5007
4788
8221
2012
997
9722
6615
5014
5015
5016
7714
5018
3083
5020
1677
5022
5023
1870
1365
5026
5027
8324
5029
7471
9383
4640
5033
5975
5035
5036
5037
4736
4682
5040
5041
5042
2146
5044
3643
5046
228
5048
990
5050
5945
5052
475
4805
5999
2039
7139
1787
7723
9760
6933
5062
5063
4900
5065
5066
1413
4506
5069
5070
5071
5072
5073
1007
9470
3617
5077
5437
8633
5080
4276
9947
5083
4318
5085
5086
5087
799
2516
5090
5091
5092
5093
5094
5095
5096
5097
159
5099
6347
5101
8981
5103
427
5105
8046
5107
2482
5109
5110
4295
7516
1179
5114
3375
9847
6048
5118
5119
5025
2313
5122
2564
5124
5725
559
1405
7219
7715
5510
1230
9581
505
5134
5135
9125
4019
5138
5139
5140
7474
9854
5143
2769
5145
1066
5147
8198
5149
5150
5984
652
809
5154
5155
4739
1118
6523
5159
5160
5161
6445
2932
1991
9505
7419
9260
5168
2395
4242
2045
5172
5173
1215
5175
2747
508
5178
7628
4632
1439
5182
5183
3795
5185
5186
5187
5188
5017
5190
5191
9713
9285
3195
7691
9814
4204
3726
5199
2536
8990
4150
589
9907
5205
5206
7494
5208
5209
5210
4753
6426
9851
612
5215
3742
5217
5218
9173
782
3968
9504
431
5224
5225
2636
8254
5228
5229
5230
5231
2188
5233
5234
5235
9721
9356
5238
9200
5240
5241
5242
1116
6752
5245
5246
1315
6418
5249
23
5251
5252
4508
6664
3864
1105
3139
2713
5259
2417
624
6068
5263
1498
6314
7636
4625
5268
3283
5887
5271
7401
7204
5274
5275
981
5277
1256
5279
5280
5281
4574
4086
5284
5285
4398
6622
8746
5289
5290
5291
5663
9041
5294
5295
5296
6922
7989
5299
1094
875
7286
9826
4817
5305
5306
5307
6802
660
1231
3106
5312
5313
651
5315
5316
1690
6514
5319
4005
2772
4371
4521
5324
7708
5326
5829
2406
2308
5330
328
3500
5683
5334
5335
5336
5337
8876
4153
6299
7477
5342
5343
5344
2278
5346
3769
5348
5349
570
5351
5352
3616
5354
2558
5356
8356
6322
9759
1668
5361
5362
5363
3166
5365
5366
9430
5368
7839
5370
2795
5372
5373
5374
3050
5376
5499
1125
7911
2727
5381
8688
8430
5384
7237
5386
553
5388
5389
5390
5391
9168
5393
5394
1003
5396
1101
2415
4335
5400
5401
5402
8861
5404
3303
5406
4117
5408
5409
5730
5411
8609
5413
5822
4903
5416
1027
5418
5419
5420
9640
6456
3586
5424
5707
6380
1901
5428
2954
8231
5431
5432
5522
5434
462
4727
5078
6208
6962
2970
5441
5998
602
5444
1966
6830
4161
5448
4380
5450
3302
5452
5884
5454
5455
5456
5873
9406
5459
5460
1010
5462
3890
406
680
5466
4938
1889
5469
5470
9216
5472
5473
5474
5475
5476
1686
2601
5479
5480
5481
5737
6599
151
5485
5486
3925
5488
2282
947
5491
5492
5493
7991
1911
5496
5497
6460
5377
5500
5501
3571
3794
5504
6779
8194
5507
8303
5509
1467
5511
2014
2714
7420
5515
5516
9500
8049
5519
7481
2074
9352
6117
5524
9414
7508
9466
5528
3732
6186
9617
5532
6840
1765
2602
5536
9377
5538
5539
5540
5541
5542
5543
8284
5545
175
5547
5102
114
5550
5638
5552
5553
2600
5555
5556
5557
5558
5559
5723
5561
5562
7019
5564
5565
2182
5567
5568
5569
5570
5571
3031
8569
3970
5575
5576
278
5578
5579
177
4655
5582
5057
1337
5585
768
5587
3507
5589
344
5591
8853
5593
5594
5595
5596
5597
5747
3640
5600
5601
5602
4211
5604
4999
1645
4311
5608
6819
4294
1583
8310
4595
5614
5615
667
5617
5618
7255
2851
7115
4384
6026
521
5625
3017
5627
8465
1651
1782
5631
5632
5633
5260
4231
5636
5792
8669
5639
7100
5641
5642
5643
5644
5645
1656
5804
5648
5649
3102
5651
8174
7073
5654
5655
5656
2428
1618
5659
24
3692
5662
1806
5664
9577
7981
7806
5668
5669
4195
5671
6707
5673
5652
479
5676
4691
5678
5953
8527
2836
5682
5030
308
4978
5686
5687
5688
5689
5690
5691
8312
5693
5694
5695
5696
1931
5698
5699
5700
2800
6751
5703
7683
5705
7407
6483
5708
3620
2487
9985
5712
8074
9330
5715
5716
8741
5718
8529
5720
5721
5722
2491
2198
730
5726
6274
5728
6610
1084
1956
3506
7592
6960
4087
3295
5958
5738
1488
7318
7344
2458
7720
5744
5745
5746
7791
7835
9336
5750
5751
4567
5753
8668
5755
5756
7384
5758
8365
142
9276
8065
5763
5764
4017
5766
5767
5768
5769
9246
623
4470
9254
5774
7083
5776
5777
5778
6447
5780
5781
8516
5789
5979
8234
9289
6282
485
5783
6351
9190
663
8765
5794
2962
5796
4771
2478
4206
5800
6727
5802
8918
3508
5805
5806
5807
5808
5809
5810
5811
5812
7393
5814
3787
3630
8606
735
5819
5820
5844
5834
5823
5824
5825
9280
5827
3290
2238
5830
3703
5832
5588
1202
5985
1853
5837
1819
5839
5840
8733
948
5843
337
5845
5005
712
3478
5849
5850
5851
7614
5853
4738
7112
5856
7514
5858
5859
5860
1949
4652
2044
9003
5865
5866
6103
6619
1270
5870
5871
5872
2464
9550
4711
5876
8713
1127
8475
7741
5881
8322
3694
1169
5885
5886
5270
5888
2717
9075
6961
1756
3918
1960
2909
564
5897
1918
5899
8613
5901
5902
5903
5904
3322
5906
4841
3911
5909
5910
5911
5912
5913
5914
8997
6702
5917
3645
5919
5920
5921
4284
5923
8317
8878
9241
4395
5928
3068
749
5931
5932
5933
1639
3009
5936
3480
9781
5939
5940
5941
2538
8708
5944
220
6090
1781
1943
7114
4440
5657
2456
1887
369
9523
2681
4138
9037
5959
694
5961
5962
5963
5964
5965
3841
9746
7122
5969
5970
7015
5972
5973
2356
5034
7060
5977
2846
3524
5980
5981
5982
9743
5151
3196
3237
7519
5988
1776
5990
5991
5992
7914
8105
5995
8334
9381
9997
650
6000
6001
6002
7268
2460
7098
6006
5350
1803
1985
6010
6011
4719
3136
6014
6015
8127
8515
2223
8377
6020
6021
6022
6023
8887
7390
5623
692
6886
6979
6036
6031
6230
6033
351
6035
894
6037
6038
7549
6040
1133
6042
8795
2164
9318
6046
6047
5117
5672
6050
6051
6052
8374
3099
6055
9198
3656
6058
8885
6060
6061
6062
1575
6064
6065
4843
8845
5762
7944
9716
6071
6072
6073
3730
3782
6076
6694
3452
5214
6080
6925
6082
6083
6084
7854
2402
6087
6844
9819
9691
3465
6092
6093
9772
5573
6096
6097
4677
7211
6100
6101
2253
5867
6104
2673
6106
9201
1394
6109
6110
6111
6112
6113
6114
8928
6116
5523
6118
7698
6120
6121
2120
7744
6124
6125
6126
1307
8237
8948
6130
8095
3941
3803
239
6135
6136
1050
807
7198
6140
4871
6142
7319
6144
1873
9264
6147
9145
6993
6150
4315
6152
6153
6154
3905
8872
6157
6158
6159
6160
6161
1156
504
6164
6165
6257
1693
6477
6169
7711
6171
6791
9127
6174
6175
3471
6177
6178
6179
2841
6181
6182
7389
6184
6185
5530
3983
198
6189
6190
6191
6192
6193
6194
2591
6196
7733
6198
6199
6200
6201
6202
6203
6204
8757
3462
645
1544
9033
3052
3603
6212
9674
6214
6215
8749
6217
6218
1262
7455
3117
6222
6223
3212
6225
6226
6227
6228
9166
2987
3000
4423
3482
6234
6235
6236
6237
9769
9867
702
3399
6242
6243
8042
6245
8119
5436
6248
233
6250
9548
6252
7309
6254
1174
6256
6166
5417
6259
4148
4934
6262
6675
8304
6265
6266
6267
6268
6269
6476
8759
6272
750
440
6275
6276
6277
4994
6279
8098
6281
3533
9537
5535
6285
787
8649
8561
6289
4308
5446
6292
6293
6294
6295
6296
467
3463
2887
6300
6301
6302
2540
4883
6305
9031
6307
6308
6309
1055
6311
4314
6313
1519
6315
6316
6317
6318
6319
7869
9001
8588
8952
8813
6325
6326
6327
6328
9503
9137
6442
1393
6333
3403
6335
9313
6337
5443
6339
3639
3733
7197
6343
3584
5987
6346
2512
6348
3759
2785
5790
6352
6353
6354
762
6356
6357
6888
6359
154
732
4263
6363
6364
6365
6366
6367
804
6369
6370
9689
8506
6373
4641
6375
2651
2718
14
3728
241
6381
6382
6383
1447
6385
5081
6387
9984
8710
3946
6391
6392
6393
629
1275
8184
6917
6398
9656
6756
6401
7809
2543
6404
6405
2946
6407
6408
5846
5323
8802
6412
6413
2335
6415
1457
6417
5248
4992
6246
9416
6422
1246
6424
6425
298
4656
6428
1798
2503
4848
6432
6433
2799
6435
803
2064
6438
2066
6440
7855
8099
6443
6870
5162
6446
5950
8987
6449
6450
6451
9267
6453
6454
6455
5422
6457
6458
6459
4926
6875
5
3430
6464
6465
4964
9965
6468
3700
6470
6471
6472
6473
6474
6475
6270
6672
1040
7307
6480
4667
6482
7579
7847
231
6486
6487
6488
6489
6490
6491
9637
6493
6032
2317
6496
6497
454
5203
6500
9182
6502
9398
5785
9724
7087
6507
6508
6509
6479
6511
5551
6513
1189
1265
6516
4001
6518
6519
3532
6521
6522
5158
7961
9685
3832
7731
8526
6529
6530
6531
7298
6533
6534
3985
6662
6537
6538
6539
6540
6541
3018
6543
7657
6545
7502
6547
6548
2071
7845
6551
6552
1021
6554
6555
6556
6557
6558
8440
7476
9630
6562
6563
5371
4904
6566
6771
1188
7970
6570
6571
4030
6573
6574
6575
6576
8165
6578
6579
5534
6581
6582
6583
6584
852
2217
2248
6588
6589
6590
6591
6592
7546
6594
6595
6596
6019
6598
5483
6600
6601
6602
5157
6604
6605
6148
6607
6608
6609
5729
3502
6612
5353
6614
854
2759
6617
6618
8115
6620
2897
6
3058
1880
3986
3293
9016
6628
6629
4618
8386
3836
6633
6634
763
2475
9218
8492
6639
6640
6355
6642
6643
6644
700
682
9789
971
6649
6650
6651
6652
9358
6654
5727
9158
6988
6658
6659
6660
6661
6536
728
6734
6665
6666
618
6668
6669
5127
6671
2788
9194
4576
1753
1428
6677
6678
7106
6764
6681
1951
6683
6701
4340
9836
905
3587
6689
9863
6691
4970
6693
8361
6695
6696
524
7484
6699
4582
7069
711
2843
6704
6902
6706
3352
1707
5309
8220
3542
6712
4833
3677
6715
4074
6717
786
6719
6720
6721
9144
6723
6724
9334
1962
5801
6728
3492
6730
3567
4250
5603
2631
2937
6736
5262
6738
3263
6772
6741
7400
6743
2820
2509
6746
6747
1992
3307
6750
9199
9054
6753
6754
6755
1378
6757
6758
6108
6760
6761
2297
6763
6680
6765
9787
6304
6768
6769
1898
2833
5942
1858
6774
3311
7127
6777
2956
5505
2721
67
1828
4447
6784
6785
6786
6787
3699
8592
6790
6865
6792
4774
6794
18
6796
388
6798
6799
9459
6801
9502
3991
6804
6805
861
6807
2393
4820
1358
194
355
7525
9522
6815
6816
5978
9447
5609
9687
2893
8460
5347
537
3383
6564
6827
3319
6908
540
7807
6832
6833
6834
5156
7082
7954
6838
6839
1472
6054
6842
6843
6088
9756
6846
9818
828
2511
6850
2728
925
4278
5986
6855
6856
1582
7641
9645
8164
6861
6862
781
6864
5893
7347
6885
6868
6869
6444
8147
312
2659
6874
6461
1155
965
8863
6879
4558
4803
1777
6883
2929
6867
3464
6887
6848
6889
2598
6891
6611
7392
6894
6895
6896
6897
6898
6899
6900
9368
6705
7162
6673
1814
6906
7150
3406
9932
6910
4448
6912
4446
9275
6915
6916
6397
1698
7831
6920
6921
4243
563
6924
6081
7627
7458
982
6929
6930
7529
6932
5061
6934
6935
962
7751
6938
6939
6940
6941
9977
5243
7293
6945
3914
6947
6948
8528
6950
5216
6952
6953
8088
6955
6956
1775
5075
3967
4965
5891
1950
9138
5074
5204
249
6133
421
3105
6970
6971
6972
9196
1657
6975
6976
7054
6978
4877
85
6384
6982
6983
6984
6985
6986
3245
1433
1446
6990
358
1440
9463
6994
1078
8748
7253
9659
7030
7000
7223
1720
8699
8288
1546
5265
7007
7008
7552
7010
7011
3151
1622
295
7924
7016
4657
4096
7348
7020
7021
7022
7023
183
7025
13
7027
7028
7029
1643
3813
7171
7820
7034
7035
7036
8721
5282
1172
7040
7573
605
1850
7096
7045
704
7047
5754
9735
7050
7051
7052
7053
7003
7055
8218
9532
7058
9228
5997
7061
6871
7063
7665
5112
7066
7067
7068
6684
7070
7071
7072
5653
2744
7075
7076
7077
2094
7079
525
7081
2324
7174
7084
7085
7086
5423
7088
1082
7090
7091
8639
7093
7094
8476
5498
3143
1763
7099
3912
7101
7102
3886
7104
460
6115
8353
9028
7109
3578
4253
7131
9320
8376
6310
7116
6692
7118
7119
7120
7121
5968
4229
669
3394
7126
6515
7128
2229
7130
8842
845
8969
375
7135
7136
7137
7138
1026
5221
7141
5612
7143
7144
5882
9663
7147
2924
7149
7533
7151
7152
719
2377
4755
7156
2
6963
4993
7160
9546
6903
7163
7164
4224
7166
2705
7168
7169
7170
9697
8162
7718
8763
7175
9155
1338
2794
3909
7180
3121
7182
7183
7184
5068
1257
7187
7188
7189
4465
7191
7192
7193
6968
4724
5047
7418
6139
7199
8114
250
7202
8493
865
7205
3353
2518
9744
7209
9208
4522
3927
7213
7214
3342
500
7217
7218
5128
8261
7221
5868
8956
9056
7225
7226
6009
7228
7229
7230
7231
7232
3119
7234
7235
7236
9089
7238
4220
7918
7241
987
8913
7244
7245
7246
9882
7248
9567
8619
7251
7252
6997
7254
6141
7256
8452
8806
7259
3020
6423
7658
1264
246
6368
1250
7267
5706
1482
7270
4438
7272
7273
7274
7275
7276
7277
5791
7279
3801
4960
3592
7939
6024
2796
1199
4451
7288
2383
7290
4629
3314
1556
1940
772
7296
6261
4475
3604
4541
7283
7302
2635
7304
1204
4976
6510
8033
22
5831
7311
7312
3582
7314
7315
7316
9605
4257
7167
7320
7321
3421
7323
7324
7325
7326
7327
7328
7329
7330
7331
7983
25
5064
261
8676
3262
3279
7339
321
7589
7342
7343
399
7157
3122
6866
5563
7349
7350
4690
7352
7353
9027
7355
7356
7190
8108
7947
2473
7470
1220
7363
7364
8111
15
7367
7368
7942
5375
7371
7372
7373
5566
7375
7376
7377
6987
8414
7380
7381
8017
7383
9719
7385
515
2990
9616
8912
6025
7391
9728
3411
8617
7395
8625
382
7398
7399
8180
26
7402
7403
7404
3536
4897
8275
7660
5098
1293
7411
745
7413
446
3705
7416
7417
6342
5166
6362
2165
1929
7423
8711
7425
6344
2215
7428
4485
7430
7431
3202
7433
7434
4819
7436
7437
7438
7439
9801
4439
2888
7443
656
7445
5357
7447
7448
7449
7450
839
7452
7453
4526
9619
7456
4035
6927
4156
7460
1701
4687
3483
3205
1909
2609
3856
7310
7469
7361
6012
7472
4443
8718
7920
390
5341
7478
7479
891
6923
1685
7483
6698
1729
7486
7487
7488
7489
7490
7491
7492
4635
7881
333
7496
4577
374
7499
7500
7501
2210
7503
3045
7505
7506
353
1512
7509
7510
7511
7080
199
1259
9119
2899
7517
4840
6670
3868
7521
7522
7523
7524
2499
4875
7527
1692
3282
2971
4832
6735
6907
7534
7535
7536
7537
7538
8247
8018
507
7542
7543
7544
3541
6593
2050
7548
1796
6377
7551
6123
6411
7553
7555
7556
7557
7558
103
7560
7561
9251
7563
7564
7565
7566
1274
7568
7569
7570
313
19
1326
7574
7575
7576
7577
2741
588
7580
9714
8178
7583
7584
8695
2486
7587
7588
7341
7590
7786
898
8704
7594
4545
7596
7597
7598
4872
5329
7601
7602
10000
1299
7605
7606
2192
7608
7609
7610
7611
8959
6527
977
7615
7616
7617
678
1462
7620
7621
7622
5212
7624
9879
1137
6793
5775
3555
5583
7631
7955
1927
2567
6149
7042
2181
7638
2008
3853
8604
7642
3444
1328
9990
6817
455
7648
3845
7650
2683
7652
7653
7654
7655
9609
6544
4178
8724
7408
7661
2729
4336
1171
7064
8497
7667
5803
4334
2413
4463
7292
7673
7674
9518
8593
7677
7678
3460
8023
7681
402
1312
7459
5403
2099
7687
9712
7689
7690
5195
6205
7693
7694
7695
9178
7697
2892
7699
7700
7701
7567
7703
867
7705
7706
2589
1070
147
1852
8525
7712
305
5189
5129
9936
551
7173
2905
396
2850
7722
5059
7724
7725
963
7727
7728
7729
2865
7966
3458
6197
9952
7735
5179
6880
7738
8444
4785
69
1959
7743
2303
7745
7746
7747
7748
9306
7750
6937
1984
7753
1649
7755
2995
7154
4102
7759
5385
964
8249
7763
7764
7765
5813
7767
1317
3774
389
7771
8210
8341
7774
6708
1019
3849
7778
1886
7780
815
7782
7783
7784
9136
5331
7787
7788
332
8463
7704
4456
3473
7794
9066
8962
7797
7798
7799
7800
7801
3317
9531
1800
7805
4510
6770
1480
6402
7810
7811
7812
7813
9005
360
3378
7817
7818
7819
7033
1998
7758
7823
8837
394
7826
4784
285
7829
7830
6919
7832
7833
7834
7495
7836
7837
7838
7802
7840
3207
7842
2792
7844
4893
1769
9062
7848
7849
7451
1771
7852
7853
3679
9812
7856
191
5770
3824
7860
7861
8292
7863
7931
7865
7866
86
9515
6320
7870
1926
1957
7873
7874
7875
7876
7877
1398
7707
7880
1786
452
958
7884
7885
526
7887
7539
8302
7890
4513
8500
7215
5136
7895
1908
7897
7898
7899
7900
9510
7902
7903
1515
7905
7906
1244
7908
6949
7910
5379
7935
555
5993
2264
7916
2568
7240
7919
7475
7921
7922
6936
2584
1634
9945
6303
9374
7929
7930
7864
196
2923
3929
7912
7936
7937
7938
7301
2038
3299
8659
3708
1536
9164
8469
7359
8384
1914
7950
7951
7952
9802
9113
7632
7956
7957
7958
279
2404
8914
7684
5484
9484
3320
9729
6872
7968
1147
6569
7971
7972
7185
7793
8940
192
8645
7978
4789
5314
7909
5680
7332
7984
6506
7986
6007
1353
5298
5415
3223
4170
7993
7994
7995
1252
7997
7998
7999
8000
8001
8002
8019
3819
8005
464
8007
8008
8009
8010
8101
3494
2576
8014
1079
8016
7382
7540
8035
8020
9391
8022
1143
8024
2838
8026
5647
8028
1162
8030
4461
60
7308
3132
9752
8036
9887
6904
7768
8040
1996
3521
5457
858
8045
6989
8047
3829
1576
6003
8051
8052
8053
617
8055
8056
8057
8058
3718
3945
8061
8062
8063
1465
9701
4892
8067
4593
8069
8070
8789
7965
8073
1592
8075
8076
5640
8078
8079
8080
8081
8082
8083
8084
8085
8086
8087
6954
9344
766
7065
8687
1986
8094
9353
8096
8097
744
6331
2786
8011
1431
8103
8104
2216
8106
8107
2379
8109
6399
8705
4811
8113
3451
7222
8116
7670
796
6420
282
8121
8122
8123
8124
8125
8126
5010
8128
8129
3734
5359
4932
8280
9096
7313
8136
4894
2289
8139
8140
8141
8142
7550
1415
2266
3060
5661
8148
230
256
8151
4343
8153
8154
8155
8156
8157
8158
1059
3033
6238
3628
8163
5667
6577
8166
8167
8168
5742
1822
8171
8172
8173
5674
8175
5447
476
6018
8874
9526
8181
9917
8183
3866
8185
4653
8187
8188
8189
5857
7941
8192
8193
1915
5196
8196
4038
2876
8199
8200
8201
754
9587
8204
8205
8206
8207
1197
642
8182
8195
8212
8213
3659
8215
8216
3318
6542
897
3729
1613
8222
8223
8224
8225
8226
3883
4199
8229
2825
5430
6013
8233
4857
5148
3087
3126
8238
8239
826
3962
8242
8243
3277
8245
8246
3594
8248
5581
8250
8251
7888
8029
5227
7261
7821
9287
8258
8259
8260
3484
1528
1928
8264
7679
8995
8267
8268
8269
8133
8271
8963
8273
8274
7815
3964
6132
8278
8279
8270
8281
8282
8848
4775
3211
969
8287
7004
8289
8290
8291
724
8293
4256
8295
8296
1508
8298
3409
9270
8301
7889
2056
6264
8305
7663
6386
8308
8309
685
8311
4989
8313
8314
8315
946
5924
8318
8319
9345
8972
5895
544
5028
8325
8326
8327
8328
8329
9474
8331
8332
546
5996
5816
8336
8337
8338
9670
8340
9427
8342
8343
9467
6439
1443
8347
1609
7281
8350
8351
8352
306
8354
3977
2390
8410
5922
1470
6105
942
8581
1203
8364
5759
8366
7545
8368
1997
8370
8371
8372
8373
437
8375
721
4036
8378
4720
8380
291
3993
8383
6221
8385
1164
8387
3614
3209
9471
7973
2524
1072
8394
8395
7582
8397
8176
773
8400
1292
7925
4686
8404
5537
8406
2304
8408
5709
6334
8411
8427
8263
3023
8300
8416
8417
128
70
8420
6239
8422
8423
2678
3037
3363
4346
8428
8429
5383
4415
2106
9911
7032
5947
8436
8437
2029
8439
3878
8441
8835
8443
7739
8445
8446
3251
5952
2680
8450
8451
3752
8453
4413
9815
8456
8457
1076
4696
94
8461
8462
1459
4539
7757
6946
1136
491
7946
8470
8471
4139
9305
9943
5879
9362
9086
8044
8479
8480
2319
8482
9683
8484
2441
4563
8487
9894
1963
2546
9139
6638
6085
8494
8495
9628
7666
4604
8499
105
8501
6045
458
8504
5946
2802
8507
714
8509
706
8511
8512
8513
5704
6572
9347
8517
5300
8519
8520
8521
6586
483
4076
9572
4609
3887
7303
5719
8530
9918
9638
8358
8534
8535
8536
8537
3944
7886
8540
8541
8542
5533
7194
8545
8546
4279
8548
4924
6991
8551
6095
4083
8554
8555
8556
3274
4222
8559
8560
1184
1251
8563
780
3088
8566
2043
4119
4069
8570
8571
284
8202
8574
8575
8576
8577
8578
8579
8580
8362
8582
8583
292
2336
8586
8587
4662
8589
5749
8591
7059
2611
8594
8595
1842
8597
8598
2723
8600
3153
8602
1249
6858
8605
4283
8607
8608
5412
8610
1881
8612
5900
8839
8615
9664
639
8618
4507
8620
8621
8177
8623
8624
3076
4533
5821
8628
2468
5133
8815
3490
5079
2642
4099
8636
1071
8638
7092
9747
8641
8642
8643
3934
8349
8646
5082
7948
6206
8650
8651
8652
29
8654
3472
8656
8957
5123
1628
8660
8661
4813
8663
8664
5782
8666
6686
2502
6512
8670
5369
8672
8673
3022
8675
7336
8677
8678
9793
8680
8681
8682
4381
8684
8685
8686
8092
664
3735
8690
8691
8692
8693
1791
6063
5358
5440
8698
924
8700
8701
8702
778
118
7365
8706
8707
9636
9266
1851
7424
4651
3906
8714
8715
8716
3014
585
8719
4149
7024
8722
8723
3162
9757
8726
2330
8728
8729
8730
7357
5748
2715
8734
8735
8736
8737
8738
4160
8740
5717
8742
655
8884
7287
4749
8747
7532
378
8750
8751
8752
8753
8754
3064
8756
7692
837
6271
8793
8761
8762
6710
7461
9328
558
8767
8768
8769
8770
3969
8772
4546
1664
8775
8776
365
8778
3989
3300
8781
1241
5679
5966
8785
8786
8787
3309
8050
3291
2901
8792
8760
4796
9050
8796
8797
8798
8799
8800
8801
1840
8803
8804
8805
9755
8807
8808
855
8810
8811
9346
1561
2166
8631
1268
8817
7554
8819
8820
2701
8822
8823
8824
1866
8826
2710
8828
8829
3960
1311
8832
5333
8834
8442
8836
7824
6107
5442
9824
5967
459
7111
9688
6067
8846
2126
8283
122
8850
6286
6287
5592
8854
8855
8856
8857
8858
8859
8860
34
8862
6878
275
8865
8866
8867
8868
590
8870
8871
6156
1297
8179
1540
512
8054
5925
8879
1396
39
6049
8883
8744
6059
8886
9776
8888
2617
9982
7696
2125
2986
8894
8895
8896
8897
8898
8899
8900
8901
8902
8903
966
8905
8906
8907
8908
5735
8910
2365
8412
6568
3877
7976
4277
8917
5799
8919
8920
8921
8922
8923
2405
2130
8926
9490
1300
8929
9
2973
8932
8490
8934
798
8936
2280
8938
8939
7975
8941
8942
8943
117
8945
8946
8947
6129
1623
8950
8951
7148
8953
8954
8955
7001
1722
8958
7612
8960
9098
8454
4496
876
2093
8966
8967
1606
7284
8970
8971
8321
7227
9021
8975
8976
676
8978
3278
4348
3390
8982
503
1745
8985
8986
3884
8988
5784
6630
8991
8992
8993
400
7980
8996
1971
8998
8999
9000
5433
9310
4530
9004
7814
9006
9007
9008
8379
9010
594
9012
5120
3097
2432
2363
9017
9018
9019
9020
3978
9022
9023
4441
9025
9026
7354
2671
3184
3292
3953
9032
3137
4021
9035
9036
5327
9038
9039
9040
5877
7915
9412
4570
9045
9046
9047
911
9049
6043
9051
2691
6745
5244
6358
5137
4791
9058
9059
7017
9061
6484
9063
9064
6517
3838
9067
9068
9069
9070
9071
7732
4721
3680
7378
9076
2184
9078
9079
9534
9081
8392
832
9761
8468
33
3065
9088
4433
9090
9091
9092
3636
9646
9095
1170
9097
8961
9099
2830
4331
9102
9972
9104
9105
9106
9107
9108
9109
9110
9111
9112
6837
9114
9115
9116
9117
9118
643
4061
9121
9122
8459
9124
8771
7730
2513
9128
9684
4236
9131
9132
9133
179
9135
7785
9607
3226
93
9140
9141
161
9143
6722
6173
7668
8355
1699
8455
9150
9151
3683
7709
5445
7176
9156
9157
6656
9159
9160
9161
9162
9163
7480
9165
1114
3629
2874
9169
9170
2220
9172
5219
9174
379
9176
9177
5502
9179
9180
8933
1688
9183
913
9185
4027
3269
4051
27
4583
1201
6737
9193
1103
9195
2075
7526
6056
2733
5239
8838
3789
9203
6086
9205
5508
9207
7210
5740
9210
9192
9212
9213
204
9215
7851
9845
7769
9219
9220
9221
9222
3762
9224
9225
9226
9227
6789
9229
5322
4388
9232
6251
9234
9951
9236
9237
9238
9239
4322
1060
9242
4827
9244
4176
8433
9247
9293
2709
9250
7964
2801
4778
314
7056
9256
5584
9258
2212
5167
9186
2286
5130
849
9265
1448
6211
9268
9269
8415
9271
9272
9273
2314
6914
75
3975
371
9279
6679
297
1348
4327
3081
5193
881
1006
9288
5786
9290
9291
4580
9248
7726
9295
9799
9297
174
556
9300
9301
6429
9303
2749
8473
2239
9307
9308
3170
77
7862
9312
6524
9314
9315
9316
9317
1219
9319
4886
1706
850
9323
4949
9325
6857
9327
6998
9329
3357
9331
9332
9333
3646
9335
1709
4070
2529
9339
7664
9341
7646
9343
4292
253
9576
1572
9348
7095
9350
9351
681
920
9354
9355
5237
2620
6653
9359
9360
9864
4925
3826
9364
9365
9899
810
4140
9369
4806
580
3823
9373
4162
9375
9376
8405
9378
6550
3809
5976
9599
586
9384
9385
9386
9387
9388
3425
9390
1503
9087
9393
7153
9395
9396
1955
1
9399
9400
3296
9993
9403
9404
1009
5458
9407
9408
9409
4966
9477
9043
1978
5525
1646
4713
9417
9418
8015
9420
940
9422
5126
9424
9425
8232
7773
2959
9429
1051
8265
9432
9433
9434
9435
9436
2764
9438
5971
9440
3325
9442
9443
1839
9445
9446
2734
6283
9449
9450
9451
9452
9453
9454
9455
2442
4020
9458
8973
9460
9461
9462
7635
4982
9465
3216
8344
9468
1825
4378
8390
9472
9473
301
684
9476
9411
9478
9479
9480
6703
9482
9483
7562
1999
5192
3670
9488
9489
9931
6216
9492
35
1797
9495
9496
9497
9498
6797
5517
8363
5308
2124
5222
4509
9506
9507
9508
9509
9937
7113
9512
9513
6077
7868
9516
386
214
3454
9520
9521
4715
5955
9524
6414
7932
3963
1742
8266
9530
7803
68
2002
9080
9535
9536
9448
9084
9120
3495
9541
9542
9543
4383
9545
6306
3569
9243
9549
5874
9551
688
9553
9554
9555
9556
3825
9558
9559
9560
9561
4293
9563
5399
1134
2539
3434
9568
9569
52
9571
6170
9573
137
9575
323
2634
9578
6942
2057
121
1159
7649
7640
9585
9586
2203
6146
9589
2880
7599
9592
1350
9594
6028
5355
1452
9598
8696
795
1153
9602
9603
9604
9866
9606
6330
9608
7656
9742
9611
9612
9613
9614
7882
4194
2193
9618
6853
9620
9621
9871
9623
2234
3828
3084
9627
8496
3240
5021
9631
9632
737
9634
7300
5943
6321
8532
9639
7427
9641
9642
541
8783
6809
4997
9647
9259
9649
9650
9651
9652
9653
9654
3004
8665
5835
2072
3255
9660
9661
165
432
753
9665
9666
9667
3396
1830
8339
9671
9672
1790
1961
9806
9557
8968
9678
9679
9680
9681
9682
8483
9129
8068
1347
3987
6099
6371
9690
2552
9692
9693
3062
9695
9696
2629
9698
3939
9700
4847
9702
9703
9704
9705
9706
9707
3294
9929
9710
9711
3997
3574
7581
9715
1759
9717
2079
6909
9015
5236
3297
1982
6505
9725
9726
9727
6893
6260
3061
9731
6773
9733
8634
7049
9736
9737
9738
2575
1083
7985
3922
5983
7208
9745
9380
9749
1289
1502
9750
7789
8003
4249
9754
3008
7207
8725
9758
5425
7893
6849
8066
8709
740
9765
7038
9767
9768
5833
9770
9811
6094
9773
4498
5084
4853
9777
9778
4397
9780
8584
7291
9783
9784
9785
4538
843
7651
6647
1883
1648
2226
2863
1953
9795
9796
9797
8013
9296
1550
1200
7953
488
9804
9805
9675
9807
9808
3641
9810
5104
6441
1477
8211
9149
9816
9817
6847
8100
9820
341
9822
9823
9363
9825
1236
2882
9828
7057
9830
3704
3169
9833
9834
3565
8667
9837
2357
1505
5714
9841
7686
9843
9844
9590
4622
9896
9848
9849
9975
2469
9852
9853
5142
9855
9856
9857
9858
8508
9860
4996
9862
6690
2209
9865
7317
4911
9284
7756
9870
9622
9676
9873
8236
2500
9876
4332
1218
6378
9880
9881
7247
4527
4823
9885
3598
8037
1281
9901
9890
583
9892
9893
8488
3343
2028
9897
9898
9366
6648
4128
6881
9903
9904
9905
4066
6965
9908
9909
9910
579
9912
4268
6676
9915
9916
7772
8531
9919
9920
9921
9922
576
2571
8965
9668
9927
9928
9709
3188
8927
7409
9933
9934
4197
2736
7901
9938
2506
1058
8949
9942
8474
9944
582
247
6168
9948
7306
2013
3957
6852
9953
6360
4392
9956
9957
9958
248
9960
7619
9962
9963
9964
6467
9966
9967
5194
9969
9970
5303
2438
9973
5869
9850
9976
9579
4706
9979
9980
9981
2114
859
6388
2619
9986
9987
532
9989
7645
9188
5960
9402
9994
1696
6828
9669
9998
7444
6138
